,AAC_A,AAC_C,AAC_D,AAC_E,AAC_F,AAC_G,AAC_H,AAC_I,AAC_K,AAC_L,AAC_M,AAC_N,AAC_P,AAC_Q,AAC_R,AAC_S,AAC_T,AAC_V,AAC_W,AAC_Y,type
0,7.69,1.5,3.19,3.75,4.88,6.38,2.06,3.0,3.56,5.63,2.25,3.0,12.95,4.88,4.13,16.89,8.63,2.63,0.19,2.81,DNA
1,11.61,1.42,2.83,7.08,3.4,16.15,9.07,1.13,4.53,7.65,1.7,1.42,7.65,3.68,5.38,7.65,1.98,3.4,0.28,1.98,DNA
2,7.67,1.49,1.73,8.91,1.24,12.13,1.49,3.96,3.71,9.16,0.99,2.48,10.4,4.7,5.69,6.93,5.69,8.42,2.23,0.99,DNA
3,12.81,0.83,5.58,4.55,3.72,6.2,2.27,5.17,2.89,10.95,1.45,2.89,7.23,8.88,6.4,5.17,3.51,2.89,3.72,2.89,DNA
4,4.99,4.75,2.38,6.18,4.99,5.7,3.33,2.14,8.08,6.18,1.43,4.28,5.94,5.23,9.5,10.21,6.18,5.46,0.71,2.38,DNA
5,6.47,1.65,4.51,8.12,4.51,6.47,2.71,3.16,4.96,6.47,2.56,3.91,7.67,4.66,5.71,11.28,5.11,7.07,1.8,1.2,DNA
6,5.63,1.53,6.65,8.18,3.84,7.42,2.05,2.3,6.65,9.21,2.05,3.32,5.63,4.09,6.39,10.49,5.12,3.58,2.3,3.58,DNA
7,13.3,0.21,9.66,10.73,1.5,5.36,0.64,4.29,7.3,9.44,1.5,1.07,3.86,4.72,7.08,4.29,6.22,6.01,0.86,1.93,DNA
8,4.17,0.0,5.56,15.28,2.78,6.94,1.39,6.94,12.5,11.11,2.78,5.56,2.78,0.0,4.17,5.56,2.78,4.17,4.17,1.39,DNA
9,5.27,2.24,7.35,5.11,3.35,7.83,2.72,5.75,6.07,7.99,3.04,3.67,6.87,2.88,5.59,10.7,5.91,4.63,0.64,2.4,DNA
10,10.72,2.07,6.94,4.63,3.05,4.02,3.05,3.53,2.92,10.23,1.95,4.51,6.21,4.99,7.43,9.5,5.36,4.38,2.31,2.19,DNA
11,8.97,3.21,6.41,8.33,3.85,6.41,4.49,5.77,4.49,10.26,1.28,1.28,1.92,3.21,10.26,3.21,6.41,5.77,3.21,1.28,DNA
12,8.6,6.45,5.29,5.79,2.64,8.1,1.32,1.49,6.78,6.78,0.83,0.99,10.58,5.45,10.25,5.95,5.29,4.79,1.32,1.32,DNA
13,15.31,0.0,2.04,3.06,0.51,4.08,1.02,3.06,29.59,3.06,1.02,1.53,8.16,2.55,3.57,10.71,3.06,6.12,0.0,1.53,DNA
14,6.61,1.38,6.11,7.4,2.96,7.0,1.87,4.73,12.43,8.88,2.47,3.55,4.34,3.35,3.25,8.38,4.14,6.71,1.28,3.16,DNA
15,7.62,0.95,4.76,13.33,1.9,3.81,2.86,6.67,7.62,8.57,2.86,3.81,5.71,2.86,6.67,5.71,5.71,3.81,1.9,2.86,DNA
16,7.47,1.12,5.7,7.56,3.83,7.75,1.87,5.88,6.63,8.12,2.15,3.55,4.2,2.52,5.14,8.12,5.98,7.47,0.93,4.01,DNA
17,9.7,0.61,5.45,8.48,4.85,13.94,0.0,2.42,3.64,4.24,1.21,3.03,5.45,1.82,8.48,9.7,7.27,7.27,1.82,0.61,DNA
18,14.06,0.0,3.12,3.91,0.78,11.72,4.69,7.03,10.94,9.38,0.78,0.78,2.34,3.91,7.03,6.25,6.25,5.47,0.0,1.56,DNA
19,12.5,0.0,3.12,3.91,0.78,11.72,4.69,7.03,10.94,9.38,0.78,0.78,2.34,3.91,7.03,7.03,6.25,6.25,0.0,1.56,DNA
20,8.67,0.0,3.06,11.22,5.61,4.59,1.02,7.14,5.1,13.78,3.06,5.61,2.04,4.08,10.71,6.12,3.06,3.06,0.51,1.53,DNA
21,5.46,1.29,5.03,4.89,4.02,8.19,1.87,4.45,3.88,7.61,2.01,6.03,9.2,8.48,4.17,7.61,7.33,6.03,0.29,2.16,DNA
22,4.03,0.67,7.05,7.05,5.7,6.38,2.01,8.05,9.73,6.38,4.03,3.69,4.03,3.02,4.7,5.7,7.05,6.04,0.67,4.03,DNA
23,4.11,1.37,8.22,8.81,3.52,5.68,2.54,5.28,8.41,7.44,3.13,5.68,3.33,3.91,5.28,8.41,6.26,4.5,1.57,2.54,DNA
24,7.87,0.79,3.94,13.39,4.72,3.15,1.57,5.51,8.66,7.87,3.94,6.3,1.57,3.15,5.51,10.24,2.36,7.09,0.0,2.36,DNA
25,6.12,2.72,8.16,2.04,4.08,4.08,2.04,8.16,5.44,8.16,2.72,4.76,10.2,3.4,5.44,7.48,5.44,3.4,2.04,4.08,DNA
26,12.15,0.0,0.93,10.28,0.93,9.35,1.87,4.67,7.48,10.28,2.8,2.8,3.74,4.67,10.28,9.35,1.87,6.54,0.0,0.0,DNA
27,9.42,2.31,5.12,7.77,5.62,5.29,2.48,3.31,6.61,10.74,1.49,5.29,2.48,4.46,4.96,8.1,5.45,4.79,1.82,2.48,DNA
28,11.11,0.0,6.79,8.64,2.47,11.11,0.62,5.56,13.58,1.85,2.47,3.7,5.56,3.09,4.32,8.64,4.32,3.7,0.62,1.85,DNA
29,8.31,0.82,5.86,3.27,4.09,8.17,2.72,3.95,4.77,6.13,1.77,6.27,7.63,5.45,4.36,6.13,9.4,4.77,2.18,3.95,DNA
30,7.43,0.55,5.5,3.71,4.54,8.8,2.06,4.26,5.09,5.78,1.93,7.7,8.39,4.4,4.4,5.23,8.53,5.64,2.06,3.99,DNA
31,6.08,4.11,4.29,5.01,3.22,10.2,2.68,1.61,4.29,10.55,0.89,1.25,9.66,3.4,8.41,10.55,3.58,5.55,2.15,2.5,DNA
32,11.11,0.0,1.39,6.94,2.78,9.72,1.39,5.56,2.78,8.33,4.17,8.33,1.39,11.11,6.94,9.72,4.17,4.17,0.0,0.0,DNA
33,7.13,1.26,7.34,3.56,2.52,9.01,6.29,3.35,3.56,7.13,5.03,3.77,10.27,5.66,3.77,8.81,3.77,4.82,0.63,2.31,DNA
34,6.94,1.39,8.33,9.72,1.39,1.39,2.78,6.94,8.33,13.89,4.17,6.94,4.17,4.17,4.17,5.56,1.39,6.94,0.0,1.39,DNA
35,8.86,0.0,8.86,6.33,3.8,7.59,0.0,5.06,2.53,11.39,2.53,2.53,7.59,1.27,10.13,7.59,6.33,6.33,0.0,1.27,DNA
36,6.45,0.81,6.45,3.43,2.82,6.05,3.02,5.44,9.68,7.46,1.61,3.83,4.03,5.65,5.65,9.68,8.06,4.84,2.22,2.82,DNA
37,13.02,0.93,4.65,6.05,2.33,7.44,2.79,4.19,1.4,11.16,2.33,0.0,4.19,3.26,12.09,4.65,7.91,8.37,0.93,2.33,DNA
38,4.8,0.44,5.68,10.48,3.93,6.55,3.06,4.8,3.06,8.73,5.24,2.18,6.11,3.06,9.61,3.93,5.24,9.61,1.31,2.18,DNA
39,6.6,1.57,4.72,8.02,2.04,4.72,4.09,4.56,6.92,8.02,1.57,4.87,8.02,5.5,4.72,8.96,5.82,5.19,1.89,2.2,DNA
40,11.76,0.0,2.94,5.15,3.68,5.15,1.47,5.15,11.76,9.56,0.74,0.74,3.68,5.88,12.5,7.35,6.62,4.41,0.0,1.47,DNA
41,13.24,1.47,2.94,5.15,2.94,5.15,1.47,5.15,9.56,8.82,2.21,0.74,4.41,5.88,13.24,3.68,7.35,4.41,0.0,2.21,DNA
42,13.24,0.74,2.94,5.15,2.94,5.15,1.47,5.15,9.56,8.82,2.21,0.74,4.41,5.88,13.24,4.41,7.35,4.41,0.0,2.21,DNA
43,13.24,0.74,2.94,5.15,2.94,5.88,1.47,5.88,9.56,8.82,1.47,0.74,4.41,5.88,13.24,4.41,7.35,3.68,0.0,2.21,DNA
44,12.59,1.48,2.96,5.19,2.22,5.19,1.48,5.19,8.15,9.63,1.48,1.48,4.44,5.93,13.33,4.44,8.15,4.44,0.0,2.22,DNA
45,13.24,1.47,2.94,5.15,2.94,4.41,1.47,5.15,10.29,8.82,2.21,0.74,4.41,5.88,13.24,2.94,7.35,5.15,0.0,2.21,DNA
46,9.06,0.65,4.53,6.15,2.59,2.59,5.5,5.18,6.15,12.62,0.65,4.85,5.5,7.12,7.77,3.56,3.88,7.44,1.62,2.59,DNA
47,6.04,1.93,7.49,8.45,2.66,13.04,7.25,4.83,7.73,4.83,1.93,1.93,5.56,3.62,3.38,5.56,5.8,6.04,0.48,1.45,DNA
48,8.38,3.24,5.95,7.03,4.32,6.76,1.62,4.32,4.86,10.0,1.62,4.59,6.22,3.51,5.68,6.76,5.95,5.14,1.62,2.43,DNA
49,4.55,3.9,4.33,5.84,3.46,7.14,1.73,4.76,5.84,9.96,3.03,3.25,9.52,4.33,5.19,9.52,6.71,4.11,0.22,2.6,DNA
50,7.69,1.28,6.41,5.13,1.28,7.69,0.0,7.69,7.69,11.54,2.56,2.56,1.28,5.13,3.85,7.69,8.97,7.69,1.28,2.56,DNA
51,12.5,2.27,5.11,11.36,1.7,2.84,1.14,6.25,5.68,9.09,1.7,5.11,2.27,10.23,4.55,9.66,2.84,4.55,0.57,0.57,DNA
52,7.55,2.77,4.93,7.4,3.7,4.78,2.31,6.32,9.24,8.32,3.39,4.93,2.62,5.39,3.7,7.55,4.93,5.86,1.08,3.24,DNA
53,12.82,0.0,3.85,8.97,1.28,7.69,1.28,8.97,2.56,8.97,2.56,6.41,0.0,3.85,10.26,7.69,5.13,7.69,0.0,0.0,DNA
54,12.52,0.54,4.11,7.51,2.86,7.69,1.25,5.55,5.72,7.69,3.58,2.33,6.8,6.98,3.4,6.26,5.19,7.51,0.54,1.97,DNA
55,5.74,2.13,5.25,7.21,4.75,4.92,1.8,4.92,7.54,6.89,1.48,5.74,4.75,5.08,4.1,7.7,5.57,8.52,2.79,3.11,DNA
56,10.85,1.17,4.4,8.21,3.23,6.74,2.35,6.16,4.4,7.33,4.69,4.11,4.69,2.93,7.33,4.99,4.69,7.04,1.17,3.52,DNA
57,5.14,0.8,7.26,9.57,4.16,4.52,1.95,5.58,10.54,10.98,1.77,5.4,3.63,4.07,5.4,6.11,4.34,4.16,1.15,3.45,DNA
58,3.76,6.77,0.75,1.5,3.76,5.26,2.26,11.28,3.76,7.52,2.26,9.02,4.51,4.51,4.51,7.52,11.28,6.02,0.75,3.01,DNA
59,9.6,1.52,4.04,4.04,4.55,4.04,2.02,10.61,8.08,7.58,2.53,5.56,4.55,3.03,6.06,7.07,4.04,6.57,0.0,4.55,DNA
60,3.17,1.59,2.38,8.73,3.97,2.38,3.17,9.52,11.11,7.94,3.17,11.11,2.38,3.97,6.35,7.94,4.76,3.97,0.79,1.59,DNA
61,9.53,1.16,3.95,6.74,2.33,8.6,3.26,4.88,4.88,6.28,3.26,5.35,3.72,6.98,5.12,11.16,5.35,4.42,0.47,2.56,DNA
62,4.11,2.05,6.85,9.93,7.19,5.48,1.03,8.22,10.62,7.19,2.74,5.82,2.4,2.74,4.45,4.79,1.71,6.16,1.03,5.48,DNA
63,5.88,2.16,5.69,7.45,4.9,6.08,3.33,1.57,4.12,7.45,2.94,2.16,13.92,6.86,5.49,7.06,2.94,4.31,0.78,4.9,DNA
64,4.61,2.31,5.66,7.76,5.24,4.82,3.35,2.73,4.61,5.66,3.98,3.98,11.32,6.29,6.08,8.18,3.14,4.19,0.84,5.24,DNA
65,6.95,0.79,4.19,7.6,1.97,4.06,2.88,3.8,5.77,10.09,2.62,5.5,7.6,9.83,4.59,7.86,4.59,5.9,0.92,2.49,DNA
66,6.0,2.6,4.8,6.6,3.8,7.0,2.0,4.2,6.2,7.2,2.8,4.2,6.4,4.6,5.0,8.6,6.6,6.8,1.2,3.4,DNA
67,6.79,0.78,6.36,7.93,2.35,5.31,1.83,4.79,13.85,7.32,2.44,3.75,4.27,3.66,4.27,11.5,4.97,4.53,0.7,2.61,DNA
68,5.37,2.12,6.78,8.05,5.08,5.08,2.68,4.24,8.9,10.03,3.25,4.8,4.52,4.1,3.81,6.64,4.38,4.8,1.69,3.67,DNA
69,6.65,0.77,4.86,3.84,2.05,8.95,2.3,4.86,3.58,5.63,1.53,3.07,9.97,4.86,6.65,11.51,6.65,7.42,0.51,4.35,DNA
70,5.25,0.98,7.54,6.56,3.93,3.93,1.97,8.52,11.8,7.54,2.95,5.57,2.62,1.31,3.61,7.87,3.61,6.23,1.97,6.23,DNA
71,6.24,0.95,6.81,6.05,3.21,5.48,2.46,3.21,5.1,11.15,2.27,2.84,10.02,4.35,3.59,13.23,4.73,6.24,0.57,1.51,DNA
72,8.27,3.74,5.31,5.31,3.54,10.04,2.17,4.33,4.33,8.86,2.76,4.33,4.72,5.71,7.28,10.24,1.57,4.72,0.39,2.36,DNA
73,7.8,4.23,4.01,6.01,3.79,10.24,2.0,4.45,3.34,7.35,1.56,3.34,9.35,3.56,7.13,6.9,4.68,7.35,1.78,1.11,DNA
74,13.04,1.89,4.3,3.57,1.02,8.81,3.42,3.2,2.77,12.53,0.87,1.97,7.36,9.25,5.24,4.88,5.68,9.54,0.36,0.29,DNA
75,6.27,1.57,5.88,8.24,5.1,5.88,2.16,4.12,6.86,10.98,3.14,3.14,3.92,4.12,7.06,6.86,4.9,6.27,1.37,2.16,DNA
76,7.61,1.04,6.23,5.54,4.84,6.92,2.42,5.54,3.46,10.73,2.77,1.73,5.88,6.23,7.96,4.15,6.57,4.15,1.38,4.84,DNA
77,12.21,0.0,4.58,9.92,3.05,11.45,2.29,1.53,6.11,4.58,3.05,2.29,2.29,3.05,8.4,12.21,2.29,4.58,1.53,4.58,DNA
78,11.42,1.83,2.28,7.31,4.11,9.59,3.65,0.91,2.74,14.16,1.37,1.37,8.22,1.37,10.96,3.65,4.57,5.94,1.37,3.2,DNA
79,6.01,3.32,5.63,6.39,5.12,6.78,2.43,2.43,6.39,11.0,1.92,3.84,6.65,4.99,4.86,8.57,4.73,4.6,1.28,3.07,DNA
80,4.87,0.46,4.18,5.1,3.71,3.94,1.16,5.34,7.42,10.9,1.62,4.87,12.06,3.94,2.09,13.92,6.73,4.87,0.93,1.86,DNA
81,6.28,2.81,4.55,6.06,3.68,6.93,3.25,4.33,5.63,10.39,3.68,3.9,7.58,3.03,5.41,9.74,5.19,5.19,0.43,1.95,DNA
82,5.19,2.16,6.28,6.39,5.52,3.35,2.27,6.93,6.71,9.63,1.52,5.3,5.09,4.65,4.87,10.5,5.19,4.98,0.43,3.03,DNA
83,4.96,1.39,6.55,6.15,4.17,4.56,2.58,5.16,6.94,9.92,2.58,7.54,2.78,4.76,6.94,9.33,4.17,4.37,2.38,2.78,DNA
84,9.17,0.83,5.28,8.19,3.06,7.08,2.5,4.31,3.33,10.83,3.33,4.31,2.78,6.53,8.33,4.86,4.58,5.69,1.81,3.19,DNA
85,5.16,2.99,3.53,6.25,2.45,3.8,5.16,3.53,7.07,6.79,2.99,4.62,4.89,6.25,3.8,8.7,7.61,8.15,2.17,4.08,DNA
86,3.85,1.54,4.62,10.77,0.77,2.31,0.0,8.46,6.92,14.62,1.54,7.69,0.77,6.92,6.92,6.92,3.08,7.69,0.77,3.85,DNA
87,3.93,1.39,6.7,7.62,5.54,6.0,1.85,9.7,7.16,9.47,2.54,4.85,3.23,3.0,4.39,5.31,6.24,6.24,0.69,4.16,DNA
88,1.72,1.35,4.43,3.2,2.83,4.55,3.69,2.95,5.78,7.63,4.55,26.94,2.34,4.43,2.71,12.92,2.46,2.46,0.62,2.46,DNA
89,3.74,1.87,4.21,8.41,4.21,4.21,1.4,8.41,6.07,8.41,3.27,4.67,4.67,5.14,8.88,8.88,4.67,4.67,0.93,3.27,DNA
90,9.31,1.33,4.26,7.98,1.86,7.71,2.39,5.59,6.12,6.65,4.79,4.79,5.85,7.45,5.59,8.51,3.46,2.39,0.27,3.72,DNA
91,10.14,2.17,3.62,14.49,3.62,2.17,1.45,4.35,10.14,7.25,2.17,4.35,0.72,7.25,6.52,7.25,5.8,4.35,0.0,2.17,DNA
92,6.11,2.54,5.09,7.63,2.8,5.85,3.05,2.04,5.09,8.14,3.05,3.56,11.45,3.82,6.62,9.67,5.6,4.58,1.02,2.29,DNA
93,5.94,3.1,4.39,8.27,3.36,6.2,2.84,2.33,6.2,9.04,2.58,2.07,9.82,3.62,6.2,9.04,5.94,5.17,0.78,3.1,DNA
94,5.04,0.0,5.04,8.63,3.6,4.32,2.16,5.04,7.19,12.23,4.32,5.04,0.72,9.35,5.04,6.47,8.63,2.88,0.0,4.32,DNA
95,9.88,0.0,8.64,7.41,4.94,7.41,2.47,0.0,7.41,17.28,2.47,0.0,1.23,6.17,6.17,3.7,1.23,13.58,0.0,0.0,DNA
96,5.64,3.71,5.5,10.73,2.34,5.36,4.54,3.03,8.94,4.81,3.16,3.3,6.88,5.5,6.19,4.68,6.46,6.6,0.14,2.48,DNA
97,6.1,5.03,7.01,8.84,2.29,5.18,2.9,3.35,7.01,6.71,1.98,2.13,7.77,6.1,10.82,6.4,3.35,3.51,1.07,2.44,DNA
98,11.84,0.12,4.32,11.1,3.82,7.64,1.36,1.73,3.08,16.52,1.73,0.86,5.92,2.71,10.11,2.71,4.32,6.41,0.25,3.45,DNA
99,5.76,1.58,4.63,7.9,3.84,3.5,1.69,5.98,6.09,8.8,2.6,6.77,4.4,3.72,4.97,10.72,6.77,6.09,1.24,2.93,DNA
100,8.53,1.15,3.92,6.91,4.15,6.45,2.76,5.53,5.99,6.68,2.3,3.0,6.91,5.76,4.61,10.37,4.61,4.84,1.38,4.15,DNA
101,13.56,0.0,2.54,7.63,1.69,4.24,2.54,5.08,6.78,11.86,4.24,2.54,3.39,4.24,4.24,13.56,2.54,6.78,0.0,2.54,DNA
102,10.53,5.26,4.68,9.36,2.92,3.51,5.26,2.92,5.26,11.11,2.92,1.75,4.09,6.43,5.85,3.51,5.26,7.6,0.0,1.75,DNA
103,5.05,2.75,6.42,5.96,3.9,5.5,2.98,2.75,5.28,8.26,2.06,5.28,9.63,5.5,5.05,9.63,3.9,3.67,2.29,4.13,DNA
104,6.35,3.31,4.7,10.5,3.59,5.52,1.93,5.25,4.97,10.77,3.04,4.97,4.42,2.49,5.8,7.73,5.52,4.97,1.38,2.76,DNA
105,11.64,2.83,7.86,5.97,2.52,6.92,2.52,2.2,2.83,8.49,1.57,2.83,11.64,2.83,7.86,9.75,4.09,2.52,0.31,2.83,DNA
106,5.26,0.75,4.76,12.28,5.76,4.76,1.75,8.02,13.28,10.78,1.25,4.26,1.0,2.26,6.27,4.01,3.26,6.52,0.25,3.51,DNA
107,15.94,0.0,7.25,10.14,1.45,5.8,1.45,14.49,10.14,7.25,2.9,0.0,2.9,0.0,11.59,2.9,2.9,2.9,0.0,0.0,DNA
108,6.58,0.33,3.29,7.89,3.62,5.26,2.96,8.22,4.93,12.17,2.63,3.95,5.92,4.61,5.92,6.25,4.93,5.92,0.33,4.28,DNA
109,3.4,0.68,4.76,9.52,1.36,4.76,2.04,3.4,10.2,20.41,4.08,2.72,2.72,6.12,3.4,6.12,7.48,2.04,0.68,4.08,DNA
110,8.24,1.6,5.85,6.12,2.13,2.39,2.66,7.45,6.91,7.45,2.13,6.12,5.85,7.98,6.38,10.11,4.52,4.52,0.53,1.06,DNA
111,11.62,2.46,3.17,4.93,2.82,9.15,1.76,2.11,5.63,6.69,1.41,2.82,11.62,4.58,5.63,7.75,4.93,4.23,1.41,5.28,DNA
112,6.03,2.17,5.18,7.72,3.11,5.27,2.45,4.99,5.46,13.37,2.17,3.58,4.8,3.67,6.87,8.76,4.52,6.69,0.94,2.26,DNA
113,6.23,1.68,4.63,7.24,3.03,5.56,3.96,3.79,9.01,9.34,1.6,3.87,8.16,4.88,4.55,10.94,4.04,4.12,0.51,2.86,DNA
114,7.28,1.64,4.69,6.34,4.93,6.1,3.05,5.63,6.57,6.34,3.05,3.99,6.57,5.4,5.16,8.45,4.46,5.87,1.17,3.29,DNA
115,12.83,0.38,5.28,4.15,2.26,7.92,5.28,4.15,3.4,6.04,3.4,1.89,7.17,11.7,4.15,4.53,6.42,3.77,1.13,4.15,DNA
116,12.12,0.0,4.55,4.55,4.55,6.06,1.52,7.58,12.12,4.55,3.03,4.55,3.03,4.55,4.55,4.55,9.09,4.55,0.0,4.55,DNA
117,4.65,3.64,4.65,7.88,3.84,7.27,2.83,5.05,4.44,10.51,3.23,3.64,6.46,5.05,6.06,9.09,3.43,3.43,0.81,4.04,DNA
118,13.69,1.12,4.19,5.87,2.79,11.73,3.91,2.23,4.19,7.54,1.68,2.51,15.08,4.47,5.87,5.31,2.51,3.07,0.0,2.23,DNA
119,8.78,1.33,5.22,7.0,2.44,10.33,3.22,2.44,4.22,11.67,1.89,2.11,7.78,4.78,5.78,7.33,5.22,5.56,0.22,2.67,DNA
120,1.27,0.0,5.06,10.13,5.06,3.8,1.27,10.13,11.39,13.92,5.06,3.8,0.0,1.27,5.06,10.13,3.8,6.33,0.0,2.53,DNA
121,10.13,1.19,5.07,9.69,3.87,7.6,2.38,4.62,4.77,10.13,1.49,2.98,4.47,3.13,6.86,4.47,5.22,9.99,0.6,1.34,DNA
122,7.0,0.58,3.79,7.29,5.54,4.08,1.46,6.12,13.12,8.75,2.92,4.66,3.5,5.54,4.37,4.96,7.0,7.87,0.0,1.46,DNA
123,4.32,1.64,6.99,6.55,2.68,4.76,2.38,8.33,5.8,7.89,1.64,5.36,5.95,5.06,3.27,11.16,7.14,5.65,0.3,3.12,DNA
124,4.9,1.4,4.9,7.69,0.0,4.9,2.1,11.19,6.29,13.99,0.7,2.8,3.5,6.99,7.69,6.99,6.99,4.9,1.4,0.7,DNA
125,5.91,0.45,5.45,7.27,3.18,6.82,0.91,12.27,7.27,7.27,1.82,3.64,2.27,4.09,6.82,5.45,7.27,6.36,0.0,5.45,DNA
126,4.78,2.74,3.46,5.59,3.46,6.61,2.03,4.27,5.28,7.42,2.54,5.28,7.62,4.88,3.76,15.14,4.98,6.4,0.61,3.15,DNA
127,17.87,0.58,2.88,6.34,2.59,9.51,0.86,1.73,5.19,10.95,1.15,1.73,11.82,4.32,4.03,8.36,4.61,4.03,0.0,1.44,DNA
128,5.87,2.71,2.93,2.71,2.26,8.13,7.0,1.58,4.74,7.9,2.71,3.84,10.84,2.71,4.97,13.77,7.22,3.84,1.13,3.16,DNA
129,2.3,1.72,4.02,6.32,2.3,10.92,5.17,7.47,12.64,6.32,1.15,5.75,2.3,4.6,4.02,4.6,5.75,6.9,1.15,4.6,DNA
130,5.67,0.81,8.91,5.67,3.64,3.64,2.83,8.91,8.1,10.12,3.64,6.88,2.83,4.45,4.86,4.05,4.05,8.1,0.4,2.43,DNA
131,5.1,0.0,6.12,4.08,2.04,5.1,0.0,1.02,7.14,12.24,6.12,8.16,2.04,10.2,6.12,4.08,6.12,10.2,0.0,4.08,DNA
132,7.28,1.86,3.05,4.57,4.4,7.28,2.54,5.08,4.06,6.26,3.21,6.77,6.94,4.74,5.25,10.15,6.26,7.28,0.51,2.54,DNA
133,4.63,0.34,4.46,7.89,4.46,8.4,2.06,9.26,9.78,9.09,1.89,5.49,2.92,3.09,4.63,5.66,5.15,5.83,1.37,3.6,DNA
134,5.88,2.8,3.53,5.7,2.17,10.58,3.62,1.54,2.98,8.05,1.9,3.16,13.47,4.34,5.97,11.57,5.24,3.98,0.45,3.07,DNA
135,3.91,7.03,6.25,1.56,7.81,2.34,3.12,3.91,13.28,10.94,2.34,4.69,5.47,3.12,3.91,3.91,7.81,6.25,0.78,1.56,DNA
136,16.05,2.16,3.09,5.25,3.09,6.17,0.31,1.54,4.63,8.64,0.62,3.4,12.65,5.25,7.72,6.48,3.09,4.63,0.62,4.63,DNA
137,6.69,1.39,4.39,7.46,2.44,7.53,1.88,6.97,8.5,7.67,2.02,4.04,5.37,6.62,4.81,4.11,6.13,6.69,2.58,2.72,DNA
138,3.24,1.44,5.23,5.95,4.5,4.14,2.88,6.49,6.49,10.81,1.44,4.86,4.86,6.49,4.68,9.01,6.31,5.59,2.16,3.42,DNA
139,5.35,1.98,7.13,6.93,5.35,4.16,2.77,6.93,7.72,10.3,3.37,3.17,4.95,4.75,3.76,7.72,5.15,4.75,0.2,3.56,DNA
140,4.01,0.96,6.1,6.58,3.37,4.17,2.09,4.49,3.21,6.26,1.93,4.65,5.14,8.83,7.38,13.96,7.87,4.65,0.64,3.69,DNA
141,7.56,0.84,4.2,9.66,5.46,7.56,2.52,6.72,8.4,12.18,2.1,4.62,3.78,1.26,6.3,5.46,2.1,7.56,0.0,1.68,DNA
142,5.67,2.36,6.62,6.26,3.78,5.32,1.89,5.08,8.75,8.51,1.18,4.96,5.56,4.14,5.32,11.58,4.85,5.32,0.59,2.25,DNA
143,8.84,1.4,9.3,16.74,4.19,5.12,1.4,1.86,20.0,1.86,2.79,1.86,6.05,0.93,3.72,5.12,2.33,2.33,0.93,3.26,DNA
144,6.45,0.0,2.15,9.68,1.08,5.38,1.08,10.75,12.9,9.68,1.08,2.15,2.15,6.45,3.23,3.23,6.45,8.6,1.08,6.45,DNA
145,7.18,0.51,6.15,7.18,3.59,6.15,3.08,5.64,10.26,13.33,3.59,4.1,1.03,6.15,4.1,2.05,4.1,7.69,0.51,3.59,DNA
146,6.83,1.2,5.22,5.62,4.42,4.02,1.61,6.83,8.43,7.23,1.61,6.43,8.84,2.01,6.83,7.63,6.02,4.82,3.21,1.2,DNA
147,4.95,0.5,5.94,8.42,5.45,7.92,2.48,5.45,8.42,9.41,0.99,5.94,4.46,3.47,4.46,3.96,4.46,5.94,2.97,4.46,DNA
148,6.34,4.47,4.18,6.92,1.15,9.51,2.16,0.86,4.61,12.82,1.73,1.59,12.54,2.45,10.95,8.36,3.46,4.03,1.73,0.14,DNA
149,8.49,2.19,3.29,4.93,2.74,10.68,0.82,2.47,3.29,9.86,1.1,1.64,16.99,3.29,8.49,9.32,5.21,2.19,0.82,2.19,DNA
150,4.93,0.59,4.34,4.34,1.97,6.71,1.58,3.35,4.14,7.89,3.75,5.72,11.44,6.9,4.73,13.21,6.71,5.13,0.39,2.17,DNA
151,9.27,1.12,5.9,7.02,1.97,6.46,2.81,8.15,7.02,8.99,2.25,2.53,3.09,2.25,9.55,7.87,5.9,2.81,1.12,3.93,DNA
152,8.33,0.32,5.77,6.41,1.6,3.85,4.17,3.53,6.41,7.05,1.6,6.09,7.37,3.21,5.77,12.82,7.05,6.73,0.64,1.28,DNA
153,7.76,1.49,4.78,7.76,2.39,6.27,2.69,4.48,5.67,10.15,2.39,1.49,8.06,4.78,5.07,11.04,2.99,4.48,3.28,2.99,DNA
154,9.55,2.23,3.5,4.46,2.23,6.69,2.55,2.87,2.87,14.33,0.96,2.23,10.51,5.1,5.73,9.24,8.28,3.82,0.96,1.91,DNA
155,4.31,2.41,5.34,8.62,4.14,5.34,2.07,3.79,10.52,8.62,1.38,4.31,4.66,2.93,6.03,10.52,5.86,5.17,1.72,2.24,DNA
156,13.07,1.76,5.53,5.03,5.03,7.54,2.76,1.51,5.53,6.03,3.02,3.52,11.06,2.76,5.78,5.53,5.03,5.78,1.01,2.76,DNA
157,13.56,0.8,3.19,2.66,1.6,6.12,4.26,1.6,3.72,6.38,4.52,2.39,14.89,3.72,4.79,10.11,6.12,4.52,0.53,4.52,DNA
158,11.11,6.57,1.52,5.05,3.54,8.08,3.03,3.54,7.07,7.07,2.53,5.05,8.08,2.53,6.06,10.61,4.04,4.04,0.51,0.0,DNA
159,7.01,1.4,5.14,6.54,6.07,7.01,4.21,6.07,5.14,5.61,0.93,4.67,4.67,1.87,7.48,8.41,4.67,5.61,1.87,5.61,DNA
160,6.33,0.0,4.64,8.44,5.49,2.53,4.22,10.97,8.86,10.13,2.11,4.22,5.06,6.75,3.38,3.8,3.38,3.38,3.38,2.95,DNA
161,7.81,0.37,5.95,8.92,4.09,4.09,2.97,3.72,4.46,10.41,1.49,2.23,4.83,4.83,8.18,7.06,5.58,7.06,1.12,4.83,DNA
162,11.82,0.49,3.45,9.36,3.94,7.88,1.48,5.91,5.91,11.33,2.96,1.97,5.42,3.94,5.42,3.94,4.43,8.37,0.0,1.97,DNA
163,10.3,0.61,5.45,5.45,3.03,11.52,3.03,6.67,2.42,10.91,1.21,3.03,6.06,3.03,6.67,4.24,7.27,4.24,1.21,3.64,DNA
164,6.49,0.52,5.19,11.15,3.76,6.36,1.43,8.3,10.51,8.3,1.3,2.2,4.93,1.82,6.49,3.63,3.37,7.13,1.3,5.84,DNA
165,6.97,0.65,6.06,10.06,4.13,6.84,1.55,6.84,9.94,8.13,1.29,1.94,4.52,1.68,7.48,2.84,4.39,7.61,1.29,5.81,DNA
166,5.68,0.52,4.9,11.35,3.48,6.45,1.81,9.16,10.58,8.65,1.29,2.45,4.65,1.94,5.81,3.23,4.0,6.71,1.42,5.94,DNA
167,6.13,0.47,8.49,3.77,5.19,6.6,2.36,9.43,6.13,9.91,3.3,4.25,2.36,3.3,5.19,7.08,6.6,5.66,0.0,3.77,DNA
168,5.44,8.32,5.58,6.47,3.13,7.32,2.45,3.38,3.84,8.11,1.99,3.48,6.26,4.73,5.05,7.36,5.4,8.0,0.92,2.77,DNA
169,6.17,1.03,5.35,4.53,2.47,5.35,3.7,3.09,4.94,7.41,3.5,4.53,10.91,4.73,4.73,9.47,7.0,4.32,1.85,4.94,DNA
170,10.79,1.46,4.37,5.83,2.62,4.37,2.62,2.33,2.92,20.41,1.46,4.96,3.79,8.45,6.71,4.08,4.66,4.66,2.04,1.46,DNA
171,5.83,0.49,5.34,5.83,5.34,4.37,2.91,8.25,10.19,4.37,1.46,5.34,4.85,5.83,4.37,8.25,4.85,4.37,0.49,7.28,DNA
172,7.34,0.28,5.37,6.78,2.82,5.37,0.85,11.02,11.02,9.6,1.98,7.06,4.24,1.98,5.08,3.67,3.39,7.91,0.0,4.24,DNA
173,8.52,1.42,5.68,8.95,3.55,8.52,3.41,5.11,7.39,8.66,1.99,3.12,4.26,3.55,5.4,3.55,4.55,6.25,2.56,3.55,DNA
174,12.31,2.99,4.85,5.6,5.22,7.46,1.49,2.61,5.97,8.58,1.87,4.85,5.22,3.73,6.72,6.72,4.85,4.1,1.87,2.99,DNA
175,6.87,3.05,2.29,9.16,4.58,6.87,3.82,6.11,9.92,6.87,3.05,3.82,4.58,3.05,5.34,6.11,3.82,8.4,0.0,2.29,DNA
176,6.19,0.44,8.85,9.29,1.33,5.75,2.65,7.08,3.1,9.73,3.1,2.21,3.54,3.1,9.29,4.87,7.52,10.62,0.44,0.88,DNA
177,5.4,0.36,5.04,10.07,4.32,2.88,1.44,9.71,8.27,8.63,2.88,2.88,4.32,4.32,4.32,7.19,5.76,4.32,0.0,7.91,DNA
178,4.46,0.0,5.63,11.97,5.4,7.98,2.35,8.45,9.62,9.15,1.17,2.82,4.23,1.64,5.87,4.46,2.82,5.87,1.41,4.69,DNA
179,8.12,0.99,4.36,5.74,1.98,3.37,3.17,3.17,5.74,7.52,1.98,3.37,10.1,6.73,4.55,12.48,8.12,7.72,0.4,0.4,DNA
180,3.77,0.0,1.89,11.32,3.77,7.55,0.0,3.77,9.43,5.66,7.55,5.66,3.77,3.77,11.32,7.55,0.0,9.43,1.89,1.89,DNA
181,4.52,1.22,7.3,6.26,5.22,7.13,1.74,7.83,11.3,7.65,2.78,2.96,3.83,2.26,3.48,4.17,6.26,5.57,1.91,6.61,DNA
182,5.98,0.0,6.27,5.98,6.27,3.7,1.42,9.97,10.26,7.12,3.13,7.98,3.42,2.85,3.7,6.27,3.99,6.27,1.42,3.99,DNA
183,3.59,0.0,8.52,5.83,4.48,4.04,2.24,8.97,8.07,7.62,2.24,6.73,4.48,3.14,4.93,5.38,8.07,6.73,0.9,4.04,DNA
184,2.94,0.42,5.46,6.72,4.2,6.72,2.52,7.14,9.66,12.18,2.52,7.14,3.36,3.36,5.04,5.46,5.46,5.88,0.84,2.94,DNA
185,1.56,0.0,3.12,10.94,3.12,3.12,3.91,8.59,10.94,10.16,3.12,8.59,2.34,3.12,3.12,8.59,5.47,5.47,1.56,3.12,DNA
186,6.67,0.0,0.0,13.33,0.0,4.44,0.0,4.44,15.56,13.33,8.89,4.44,0.0,2.22,4.44,11.11,4.44,4.44,0.0,2.22,DNA
187,9.33,1.4,5.91,4.2,2.64,7.0,2.95,2.33,5.91,8.24,2.18,6.22,6.53,4.2,4.2,12.13,6.38,5.6,0.16,2.49,DNA
188,4.1,0.56,7.46,8.96,3.17,2.99,1.87,5.78,6.72,10.26,1.68,5.97,5.6,6.34,3.36,11.19,4.66,6.9,0.56,1.87,DNA
189,10.78,2.4,5.09,3.89,2.99,6.89,2.99,2.4,2.1,8.08,1.5,2.99,11.98,1.8,9.88,8.08,5.99,6.59,2.1,1.5,DNA
190,10.22,0.93,5.57,7.74,2.48,5.57,1.24,4.95,5.88,10.84,1.55,3.1,4.64,3.72,7.74,8.67,6.5,6.81,0.31,1.55,DNA
191,7.52,2.62,3.64,4.78,2.05,10.14,2.51,4.78,3.76,8.77,3.53,4.78,5.81,7.63,3.99,9.91,5.69,5.24,0.46,2.39,DNA
192,9.56,0.74,2.94,10.29,8.09,8.09,0.0,3.68,8.82,9.56,2.21,1.47,5.15,2.21,7.35,3.68,2.94,8.82,1.47,2.94,DNA
193,6.63,0.51,3.06,10.71,2.04,6.63,1.53,5.61,10.2,9.18,4.59,4.08,4.59,6.63,2.04,7.65,4.59,6.63,1.02,2.04,DNA
194,5.31,0.62,4.06,6.56,3.44,4.69,4.69,4.69,7.5,13.44,2.19,1.88,3.75,5.31,7.81,5.31,6.56,5.94,1.25,5.0,DNA
195,5.89,2.19,4.38,5.05,3.54,6.73,3.2,4.88,4.71,7.24,3.37,5.89,6.06,11.28,4.04,7.24,4.55,5.39,1.18,3.2,DNA
196,3.33,0.0,7.22,9.44,2.78,3.89,0.0,6.67,12.78,11.11,2.78,6.11,2.22,7.22,3.33,7.78,4.44,5.56,0.56,2.78,DNA
197,10.5,1.1,3.87,7.73,2.76,3.31,2.76,6.08,7.73,8.29,3.87,2.76,4.42,3.87,5.52,7.18,7.73,6.63,0.55,3.31,DNA
198,5.64,1.05,3.41,8.13,2.49,4.85,1.83,4.72,5.77,9.96,1.97,3.67,12.19,4.72,6.03,12.06,4.72,4.33,1.31,1.18,DNA
199,7.73,2.58,7.22,5.15,3.09,8.25,2.06,3.09,4.12,13.4,3.61,1.55,3.61,5.15,7.22,8.76,3.61,4.12,1.55,4.12,DNA
200,8.61,0.0,5.3,9.93,1.32,1.99,3.97,4.64,9.93,9.93,3.31,4.64,0.66,7.28,8.61,4.64,3.97,6.62,2.65,1.99,DNA
201,8.17,1.17,9.34,8.95,3.89,5.06,3.11,8.56,5.84,8.17,3.5,2.33,1.95,5.45,7.39,4.28,4.67,2.72,0.39,5.06,DNA
202,9.26,0.91,6.3,8.2,2.81,7.59,1.75,5.47,5.39,9.42,2.28,3.11,4.56,3.87,8.05,4.25,5.39,8.05,0.76,2.58,DNA
203,8.57,0.86,2.29,5.14,2.86,11.43,1.71,2.0,4.29,8.57,2.86,3.71,13.71,3.14,3.14,10.0,5.14,3.71,1.14,5.71,DNA
204,8.29,1.04,5.7,5.7,2.59,8.29,2.07,6.22,6.74,11.92,3.11,3.63,3.11,3.63,10.88,4.66,5.18,4.66,1.04,1.55,DNA
205,7.43,0.29,8.57,7.71,2.29,7.71,2.0,6.29,4.29,10.0,0.86,3.14,5.43,2.29,5.14,7.14,7.14,9.43,0.29,2.57,DNA
206,3.68,4.21,6.84,6.32,3.68,7.89,2.11,8.42,12.11,6.32,1.58,7.37,3.16,1.05,5.26,4.74,5.26,6.84,1.05,2.11,DNA
207,4.46,2.55,5.1,8.28,3.82,7.64,3.18,1.91,12.1,13.38,3.18,7.64,1.91,6.37,3.82,4.46,3.18,2.55,0.64,3.82,DNA
208,7.92,1.24,4.7,8.17,4.46,6.44,4.7,6.93,4.7,11.14,1.24,3.71,3.96,2.97,5.94,6.44,4.46,6.44,1.24,3.22,DNA
209,6.35,0.55,4.97,7.73,3.04,6.08,3.04,8.01,8.01,9.94,3.87,4.42,4.42,4.14,3.31,8.01,5.25,5.25,0.28,3.31,DNA
210,11.17,0.0,4.26,9.04,2.66,10.64,2.66,4.79,4.26,5.85,0.53,1.6,7.98,6.38,10.11,4.79,2.66,5.85,1.6,3.19,DNA
211,6.0,0.0,6.5,12.0,7.5,4.0,1.0,4.5,12.0,12.0,4.0,2.5,1.0,2.0,6.0,3.5,4.0,6.5,1.0,4.0,DNA
212,7.14,0.71,6.43,7.86,2.38,4.76,2.86,4.52,4.29,6.9,2.38,5.48,4.76,5.24,7.62,11.9,6.43,4.29,1.19,2.86,DNA
213,9.91,0.43,5.17,6.03,2.59,9.05,3.45,5.17,3.45,12.07,3.45,1.29,2.59,5.17,8.62,5.17,6.03,7.33,0.43,2.59,DNA
214,8.04,2.68,4.46,8.04,1.79,2.68,1.79,8.04,7.14,12.5,2.68,2.68,3.57,4.46,4.46,8.04,6.25,4.46,2.68,3.57,DNA
215,9.47,2.11,5.26,8.16,3.95,5.0,1.32,2.11,3.68,8.95,2.11,2.63,8.95,2.63,5.0,14.74,6.58,4.74,0.53,2.11,DNA
216,8.92,0.64,5.73,3.82,3.18,7.64,2.55,6.37,8.28,8.28,2.55,3.82,1.91,2.55,4.46,9.55,8.28,4.46,2.55,4.46,DNA
217,7.2,1.04,6.65,8.52,4.36,6.09,3.19,6.3,6.44,9.35,2.56,3.12,4.92,2.84,5.47,4.99,5.4,7.55,0.69,3.32,DNA
218,6.41,3.59,6.67,4.87,3.59,8.72,2.82,3.59,5.9,7.18,2.82,2.82,5.13,6.67,5.9,9.49,4.87,5.13,1.03,2.82,DNA
219,7.57,1.73,3.78,5.51,2.38,7.03,3.14,4.43,3.68,7.24,1.62,3.24,12.86,6.16,5.3,10.05,5.08,5.62,0.43,3.14,DNA
220,9.82,0.61,6.13,9.2,1.23,5.52,2.45,3.07,3.68,12.27,2.45,1.23,4.91,4.91,12.27,4.29,4.29,6.13,2.45,3.07,DNA
221,4.26,2.35,5.15,5.44,3.38,4.41,2.79,5.59,3.68,6.76,3.53,4.26,8.82,7.5,5.59,10.44,7.5,4.26,0.88,3.38,DNA
222,9.25,0.28,6.08,8.84,3.59,5.39,1.93,7.04,5.11,10.5,2.49,4.01,3.45,4.56,7.73,4.97,4.42,5.94,0.97,3.45,DNA
223,6.17,0.41,3.29,8.23,2.88,6.17,2.88,8.64,4.94,9.47,3.7,4.12,5.35,5.76,6.17,8.64,5.76,2.88,0.0,4.53,DNA
224,7.41,2.96,5.19,9.63,2.22,5.93,3.7,5.19,3.7,11.11,2.22,5.93,3.7,5.19,8.15,5.93,5.19,4.44,0.0,2.22,DNA
225,14.89,0.0,3.19,10.64,4.26,6.38,0.0,3.19,11.7,5.32,2.13,3.19,5.32,1.06,6.38,6.38,6.38,9.57,0.0,0.0,DNA
226,5.37,1.34,8.72,6.04,1.34,5.37,2.01,8.72,8.05,10.74,5.37,5.37,3.36,4.03,4.7,4.7,6.71,5.37,0.67,2.01,DNA
227,10.67,2.0,4.33,10.33,1.67,5.0,0.67,6.67,7.67,10.33,1.67,2.33,3.33,1.67,11.67,5.67,3.33,7.0,0.67,3.33,DNA
228,15.56,0.0,5.56,7.78,4.44,7.78,0.0,5.56,13.33,5.56,1.11,5.56,3.33,4.44,4.44,4.44,3.33,7.78,0.0,0.0,DNA
229,7.07,0.39,4.32,6.09,2.16,5.89,4.13,2.55,4.91,4.91,2.16,3.14,13.75,8.84,4.13,10.02,6.68,4.13,0.98,3.73,DNA
230,4.45,0.0,7.29,6.48,4.86,6.07,2.83,6.48,7.69,9.72,2.43,8.5,1.62,4.45,6.07,5.26,3.64,7.29,2.83,2.02,DNA
231,10.14,1.05,5.24,6.64,3.15,5.59,2.45,7.69,3.5,11.19,1.05,7.69,3.5,3.5,6.99,6.99,4.9,5.24,0.7,2.8,DNA
232,5.69,0.61,4.11,5.07,2.8,4.46,2.54,6.3,8.57,10.94,1.49,4.9,7.7,5.95,3.24,5.95,7.09,6.47,1.92,4.2,DNA
233,3.04,1.01,4.3,7.09,5.82,3.54,1.01,9.11,13.16,8.1,1.77,11.14,2.53,3.04,2.53,7.85,4.56,4.56,1.01,4.81,DNA
234,14.4,1.54,3.6,3.34,1.54,16.71,3.34,3.34,3.86,5.14,2.31,6.17,3.34,5.66,4.88,7.2,5.91,2.57,1.29,3.86,DNA
235,4.52,3.01,3.44,6.02,3.87,5.81,4.95,3.01,5.16,7.74,2.37,5.59,9.89,4.52,3.87,10.11,4.3,6.67,1.72,3.44,DNA
236,9.86,2.32,4.06,5.51,3.19,6.67,3.77,2.9,3.48,11.01,1.45,1.45,6.67,7.25,7.83,7.54,4.06,5.51,2.9,2.61,DNA
237,7.37,3.69,5.53,4.02,5.53,8.04,1.51,2.68,4.52,10.89,1.01,1.51,10.05,4.36,5.03,11.56,5.86,3.85,0.67,2.35,DNA
238,10.06,1.27,6.67,5.83,2.86,7.42,3.28,2.75,2.54,13.14,1.69,2.12,7.31,3.5,6.99,5.3,6.04,6.99,2.22,2.01,DNA
239,11.11,0.0,2.38,5.56,1.59,5.56,2.38,5.56,15.87,4.76,2.38,2.38,4.76,2.38,6.35,10.32,6.35,6.35,0.0,3.97,DNA
240,9.52,0.0,2.38,5.56,1.59,5.56,2.38,5.56,16.67,4.76,2.38,2.38,4.76,2.38,5.56,11.11,7.14,6.35,0.0,3.97,DNA
241,9.52,0.0,2.38,5.56,1.59,5.56,2.38,6.35,15.87,4.76,2.38,2.38,4.76,2.38,6.35,11.9,6.35,5.56,0.0,3.97,DNA
242,8.73,0.0,2.38,5.56,1.59,5.56,2.38,5.56,15.08,4.76,2.38,2.38,4.76,2.38,7.14,11.9,7.14,6.35,0.0,3.97,DNA
243,7.87,0.0,1.57,6.3,2.36,4.72,2.36,7.09,15.75,4.72,2.36,0.79,2.36,2.36,6.3,14.17,7.87,7.09,0.0,3.94,DNA
244,10.03,0.59,3.54,7.96,5.01,6.49,0.88,3.83,1.77,9.73,2.36,5.01,5.9,4.42,9.14,6.19,4.72,7.96,1.47,2.95,DNA
245,4.72,0.79,5.51,11.02,3.94,3.94,0.0,7.87,5.51,7.87,5.51,7.09,2.36,7.09,4.72,7.09,3.15,7.87,0.0,3.94,DNA
246,2.36,0.0,8.66,7.09,1.57,5.51,0.0,4.72,14.96,5.51,3.94,1.57,4.72,5.51,6.3,16.54,1.57,6.3,1.57,1.57,DNA
247,4.8,0.0,4.8,7.2,5.6,3.2,2.4,4.0,9.6,7.2,4.0,5.6,3.2,2.4,8.8,5.6,6.4,6.4,3.2,5.6,DNA
248,6.15,2.28,6.15,8.43,2.96,3.64,2.05,2.96,5.69,8.43,0.91,4.1,7.97,5.47,5.92,14.35,3.87,5.47,0.46,2.73,DNA
249,9.74,2.09,2.78,4.87,4.18,6.26,3.94,1.62,4.64,10.9,2.55,3.02,11.14,4.18,6.26,9.28,4.41,5.1,2.09,0.93,DNA
250,11.38,0.0,2.44,4.88,1.63,4.07,2.44,7.32,17.07,4.88,2.44,3.25,3.25,2.44,5.69,9.76,8.13,4.88,0.0,4.07,DNA
251,5.17,0.91,5.78,4.56,3.04,3.95,1.52,5.78,8.81,10.03,2.43,6.38,3.95,3.34,10.03,9.12,3.95,6.08,1.82,3.34,DNA
252,7.68,2.01,6.58,7.13,1.83,9.87,2.01,4.94,9.87,7.86,1.1,4.39,4.94,4.2,4.39,6.76,6.03,6.76,0.73,0.91,DNA
253,8.27,4.49,3.55,5.91,4.02,10.17,4.96,1.18,6.62,7.8,0.95,0.47,6.62,3.78,7.33,12.53,4.02,4.02,0.47,2.84,DNA
254,6.27,2.47,4.56,6.27,3.61,7.03,1.71,3.99,6.08,7.22,2.85,4.18,6.27,4.75,5.7,8.94,6.65,6.65,1.14,3.61,DNA
255,4.81,1.18,3.72,8.72,2.54,8.72,2.27,8.99,8.54,7.9,2.36,3.63,5.18,5.99,5.09,3.72,4.9,5.27,2.91,3.54,DNA
256,7.21,2.23,4.03,5.2,2.01,6.47,3.71,2.76,3.39,8.7,0.95,2.65,14.1,4.03,4.98,11.98,5.94,5.83,0.64,3.18,DNA
257,8.97,0.0,6.41,12.39,3.85,5.56,0.0,5.13,4.27,10.68,1.28,2.99,2.99,2.56,9.83,3.85,3.42,13.68,0.43,1.71,DNA
258,4.58,1.15,5.44,8.02,2.01,3.72,2.01,5.73,8.02,5.44,2.87,5.16,9.17,3.44,5.44,10.32,6.3,6.88,2.29,2.01,DNA
259,6.99,1.22,6.38,10.94,1.22,6.08,2.43,7.29,4.86,11.55,1.52,2.74,4.86,3.04,6.99,5.17,5.78,9.12,0.3,1.52,DNA
260,9.16,0.76,6.87,5.73,2.29,2.67,0.38,5.73,7.25,5.34,1.91,3.44,9.92,3.05,4.96,15.65,4.2,8.78,0.76,1.15,DNA
261,12.33,0.0,4.11,12.33,5.48,4.11,0.0,4.11,5.48,8.22,1.37,8.22,1.37,1.37,8.22,6.85,6.85,8.22,0.0,1.37,DNA
262,6.58,3.15,5.25,6.01,3.24,6.3,3.44,2.1,8.59,7.35,2.1,4.39,8.59,4.48,4.58,9.92,5.92,5.15,0.29,2.58,DNA
263,4.51,2.01,4.01,6.27,5.76,3.76,1.0,7.52,7.77,13.28,2.51,8.27,3.01,2.26,6.52,9.77,4.51,4.26,1.25,1.75,DNA
264,11.27,1.41,1.41,5.63,2.82,5.63,0.0,5.63,11.27,11.27,4.23,1.41,2.82,8.45,8.45,2.82,8.45,4.23,1.41,1.41,DNA
265,5.26,0.53,5.79,6.32,4.74,3.16,3.16,8.95,9.47,8.42,1.05,4.74,2.11,6.32,6.32,6.32,5.79,8.42,0.0,3.16,DNA
266,4.0,1.5,6.5,7.75,5.75,4.5,2.5,7.25,7.75,7.75,2.75,5.25,3.5,3.25,5.25,7.75,5.25,5.5,1.75,4.5,DNA
267,8.65,0.0,8.65,5.95,2.7,8.11,1.08,8.11,6.49,8.65,2.7,1.62,0.0,5.41,10.81,5.95,6.49,7.57,0.0,1.08,DNA
268,8.65,0.67,3.99,3.33,3.1,6.87,2.66,2.66,2.0,7.54,2.88,3.33,11.97,4.21,7.1,12.86,7.32,4.88,0.67,3.33,DNA
269,7.86,0.0,5.68,10.04,2.18,8.3,0.87,10.48,7.86,8.3,1.75,2.18,5.24,0.87,6.11,4.8,3.06,8.73,1.75,3.93,DNA
270,8.83,1.71,5.7,6.55,3.7,6.55,2.56,6.27,5.7,10.83,2.85,2.28,4.84,3.7,9.12,4.56,4.84,6.84,1.14,1.42,DNA
271,8.91,0.31,7.66,8.91,4.69,5.0,1.72,5.47,7.66,8.59,2.5,5.47,3.44,3.44,6.56,6.41,3.28,5.0,1.56,3.44,DNA
272,6.83,0.72,7.55,5.04,3.96,9.71,2.88,4.32,3.96,8.63,2.52,2.88,5.4,3.24,7.19,8.27,3.96,8.99,0.72,3.24,DNA
273,8.2,0.0,8.2,4.92,2.73,8.2,0.55,7.65,7.65,7.65,4.37,3.28,0.0,5.46,9.29,7.65,4.37,8.2,0.55,1.09,DNA
274,10.26,1.84,6.13,6.74,3.37,5.67,2.6,5.51,5.82,9.49,1.23,2.76,6.13,5.05,7.81,4.75,4.29,6.89,1.23,2.45,DNA
275,9.23,0.23,5.58,10.25,3.76,5.13,1.94,5.47,7.18,11.39,2.51,2.85,4.33,4.33,6.26,3.99,4.67,7.18,0.57,3.19,DNA
276,7.38,2.74,5.91,5.49,2.74,5.91,2.53,5.7,5.27,10.97,3.38,3.59,6.33,5.06,6.12,7.81,4.22,5.49,0.63,2.74,DNA
277,4.63,0.93,3.7,10.19,0.93,7.41,3.7,5.56,6.48,4.63,4.63,1.85,5.56,4.63,7.41,5.56,4.63,7.41,1.85,8.33,DNA
278,10.09,0.17,5.39,9.91,2.43,8.87,2.09,2.96,5.57,13.74,1.57,1.39,5.57,2.61,8.87,3.48,3.65,7.3,1.22,3.13,DNA
279,11.11,0.0,3.7,9.26,1.85,2.78,4.63,3.7,1.85,14.81,2.78,2.78,3.7,9.26,11.11,7.41,3.7,4.63,0.0,0.93,DNA
280,8.07,2.48,4.35,4.55,3.11,8.28,4.35,1.24,3.73,8.9,1.66,2.48,12.84,2.9,6.42,11.59,6.21,3.52,0.83,2.48,DNA
281,7.91,0.0,10.17,7.34,1.69,2.82,4.52,5.65,3.95,15.82,2.26,2.26,4.52,2.26,6.21,6.78,5.65,5.08,1.69,3.39,DNA
282,2.42,1.04,5.88,8.65,3.46,4.5,3.46,8.65,8.65,10.73,2.42,7.27,2.77,1.04,5.19,10.38,2.42,7.96,1.38,1.73,DNA
283,4.95,0.0,6.04,8.79,4.95,4.95,2.2,5.49,9.89,13.74,3.3,0.55,2.75,4.4,3.85,9.34,6.04,2.2,1.65,4.95,DNA
284,13.15,0.14,5.03,6.43,2.8,10.49,2.52,2.24,3.22,12.73,2.24,2.52,5.03,3.92,6.99,3.78,6.15,7.83,0.84,1.96,DNA
285,13.74,0.0,2.29,6.11,1.53,3.05,1.53,6.11,15.27,4.58,1.53,2.29,3.82,3.05,4.58,13.74,9.16,3.82,0.0,3.82,DNA
286,9.41,0.7,1.74,7.67,3.14,5.23,2.09,3.14,4.88,9.41,4.18,7.67,8.71,6.62,4.88,8.01,5.92,4.53,0.0,2.09,DNA
287,6.14,1.54,4.99,9.79,3.65,3.07,3.07,4.22,8.25,9.02,1.54,4.03,7.68,2.88,7.29,9.02,4.99,4.8,0.77,3.26,DNA
288,6.02,1.16,3.7,5.09,2.55,6.25,4.63,3.7,4.4,7.87,3.01,6.25,8.33,3.94,3.47,12.73,6.25,5.32,1.85,3.47,DNA
289,13.03,0.98,2.61,6.51,2.28,6.19,4.89,1.95,4.89,9.77,1.3,4.56,6.84,5.21,6.84,11.4,4.56,2.28,1.3,2.61,DNA
290,15.76,0.94,3.59,4.21,1.87,38.53,1.09,1.4,2.03,2.34,0.78,1.09,6.4,1.87,7.8,4.52,1.87,2.65,0.47,0.78,DNA
291,9.04,0.27,6.38,7.58,2.26,6.65,2.26,5.72,5.85,11.44,3.99,3.32,5.59,3.59,7.05,6.12,4.26,5.85,0.8,1.99,DNA
292,8.75,0.0,9.38,8.75,1.88,2.5,3.75,3.75,6.88,6.88,1.88,4.38,3.12,8.12,8.75,13.75,3.12,1.88,0.0,2.5,DNA
293,3.51,0.62,4.54,8.66,2.27,3.71,5.36,4.74,3.92,9.48,3.3,4.74,9.48,4.74,8.66,8.87,4.74,4.33,1.65,2.68,DNA
294,6.28,1.69,5.07,5.07,5.31,13.53,1.21,2.9,5.07,5.31,4.11,6.28,4.35,5.8,4.59,9.9,3.62,6.52,1.45,1.93,DNA
295,6.76,0.0,7.83,8.54,3.91,2.14,1.42,3.2,8.19,9.61,1.78,4.63,7.12,2.85,4.63,11.03,7.12,7.47,0.36,1.42,DNA
296,5.56,1.29,5.82,5.82,4.14,3.43,2.91,7.11,7.05,9.18,1.87,5.75,6.08,4.33,6.21,5.88,7.5,5.04,0.71,4.33,DNA
297,2.78,0.93,4.63,6.48,6.48,5.56,1.85,6.48,12.04,8.33,0.93,8.33,2.78,1.85,9.26,6.48,2.78,8.33,0.93,2.78,DNA
298,10.59,0.0,5.56,5.21,3.3,10.94,2.26,2.95,9.03,4.69,1.74,6.08,5.56,3.82,5.21,7.99,5.03,7.81,1.39,0.87,DNA
299,10.14,0.0,7.73,4.81,2.41,10.82,1.89,3.95,8.08,4.3,1.37,6.36,5.84,3.78,5.15,9.11,4.12,7.9,1.2,1.03,DNA
300,14.39,0.0,2.27,3.79,0.76,10.61,2.27,5.3,8.33,12.88,0.76,6.06,3.79,4.55,7.58,6.06,3.79,4.55,0.0,2.27,DNA
301,14.39,0.0,2.27,3.79,0.76,10.61,2.27,5.3,8.33,12.88,0.76,6.06,3.79,4.55,7.58,6.06,3.79,4.55,0.0,2.27,DNA
302,10.27,0.57,5.37,3.54,3.42,5.71,2.17,2.17,2.85,5.48,2.97,5.59,9.7,6.96,6.28,13.7,6.74,4.22,0.91,1.37,DNA
303,6.8,0.0,2.91,3.88,1.94,16.5,1.94,5.83,10.68,7.77,1.94,1.94,0.97,1.94,13.59,1.94,6.8,8.74,0.0,3.88,DNA
304,13.95,0.0,2.33,4.65,0.78,10.08,2.33,4.65,10.85,12.4,0.78,4.65,3.88,3.88,9.3,3.88,3.1,6.2,0.0,2.33,DNA
305,12.31,0.0,1.54,5.38,0.77,10.77,3.08,4.62,10.0,12.31,0.77,4.62,3.85,3.85,10.0,3.85,3.85,6.15,0.0,2.31,DNA
306,12.31,0.0,1.54,5.38,0.77,10.77,1.54,3.85,10.0,12.31,0.77,4.62,3.85,3.85,9.23,5.38,4.62,6.92,0.0,2.31,DNA
307,5.28,1.67,3.89,6.67,6.39,3.33,2.5,5.83,6.94,11.94,2.5,4.44,3.89,4.17,6.94,10.0,4.44,5.28,1.39,2.5,DNA
308,3.34,0.99,5.58,7.57,3.6,3.55,2.19,8.04,7.93,10.86,2.14,7.88,4.65,4.02,4.12,9.71,5.01,5.79,0.68,2.35,DNA
309,9.09,0.38,5.3,12.5,4.17,3.03,1.14,4.55,10.98,12.5,2.27,3.41,3.79,2.27,4.92,2.27,3.79,8.71,1.52,3.41,DNA
310,5.63,2.35,4.69,9.86,2.82,3.29,2.82,7.98,11.74,7.51,2.82,2.82,5.63,3.76,2.82,9.86,6.57,2.82,1.88,2.35,DNA
311,5.06,2.69,6.96,6.17,4.43,5.22,1.9,6.65,10.6,9.81,1.58,4.27,3.16,3.64,3.8,9.34,5.06,5.38,1.27,3.01,DNA
312,7.42,0.0,6.65,7.57,3.71,9.43,1.7,5.56,8.66,8.96,2.47,5.41,2.78,2.47,4.95,4.48,7.26,6.65,0.77,3.09,DNA
313,6.91,0.3,6.31,8.11,3.6,5.11,1.2,6.91,8.71,9.61,2.1,4.2,3.3,5.71,7.21,9.01,4.8,5.71,0.3,0.9,DNA
314,4.91,0.45,6.7,6.7,4.46,7.59,0.89,9.82,8.04,10.71,1.79,7.14,2.23,2.68,5.8,4.91,4.46,6.25,0.45,4.02,DNA
315,7.36,1.16,5.43,6.59,4.65,4.65,0.78,7.36,12.4,10.85,3.49,5.04,1.94,3.49,2.71,8.14,5.43,5.81,0.0,2.71,DNA
316,8.06,0.0,4.03,12.1,0.81,6.45,1.61,4.03,15.32,11.29,1.61,2.42,3.23,3.23,5.65,4.84,7.26,3.23,2.42,2.42,DNA
317,9.12,1.2,3.44,2.58,1.03,7.23,3.44,4.48,4.48,7.23,1.89,2.75,4.99,19.79,2.41,8.43,7.92,6.54,0.17,0.86,DNA
318,10.71,0.64,5.14,6.64,4.5,4.93,1.93,4.93,4.93,10.28,1.71,6.21,4.5,4.93,7.71,5.14,5.35,6.42,1.07,2.36,DNA
319,8.33,0.95,3.33,6.19,2.38,5.71,4.52,6.67,6.43,9.76,3.33,4.52,5.95,3.1,8.57,6.43,4.05,4.76,1.9,3.1,DNA
320,3.79,2.52,6.31,4.26,4.1,5.36,3.0,6.31,6.15,11.83,1.89,4.1,4.57,5.21,3.31,8.52,6.62,7.26,1.1,3.79,DNA
321,7.45,0.0,3.19,8.51,4.26,8.51,0.0,4.26,1.06,11.7,4.26,4.26,4.26,2.13,8.51,3.19,6.38,13.83,3.19,1.06,DNA
322,9.33,1.12,5.6,7.09,4.1,7.46,1.12,2.61,6.34,6.72,1.87,2.99,5.97,1.49,7.46,13.06,4.48,7.46,1.49,2.24,DNA
323,4.55,0.7,8.04,13.29,2.1,4.55,0.35,6.29,7.69,6.29,0.7,12.59,2.1,3.85,2.45,5.94,8.74,6.99,1.4,1.4,DNA
324,7.69,0.33,5.35,9.36,3.34,4.68,3.34,6.02,4.68,10.37,5.69,1.34,6.35,4.68,8.03,4.68,4.68,3.34,2.01,4.01,DNA
325,7.65,0.12,7.17,8.26,3.65,4.98,1.34,8.14,7.29,8.51,2.19,4.86,3.04,3.28,6.2,6.08,5.71,7.53,0.49,3.52,DNA
326,9.91,1.17,6.41,4.66,2.33,6.41,2.04,4.96,3.79,10.5,3.5,5.25,2.62,3.5,10.2,7.0,4.66,7.0,2.04,2.04,DNA
327,4.04,1.12,4.49,8.54,5.17,5.84,3.15,6.52,11.46,6.29,2.47,6.29,2.92,2.7,2.7,9.66,6.29,6.29,0.67,3.37,DNA
328,4.21,1.97,4.21,7.3,1.97,5.62,4.78,4.49,9.27,8.99,2.81,3.09,5.06,6.18,5.62,7.87,2.81,9.55,1.97,2.25,DNA
329,3.24,4.47,3.24,8.61,3.13,8.61,4.81,2.46,7.05,6.38,1.34,3.02,5.26,5.37,10.07,7.61,5.37,4.59,1.79,3.58,DNA
330,13.83,0.99,4.44,5.93,2.47,9.63,1.98,2.47,0.49,10.12,0.99,0.0,7.41,2.96,11.11,7.9,5.68,8.15,0.99,2.47,DNA
331,7.28,1.53,4.6,6.32,4.79,8.43,1.53,3.07,5.17,10.54,1.15,2.87,8.62,4.6,6.13,7.66,4.6,7.85,1.53,1.72,DNA
332,14.75,0.43,5.39,6.52,1.99,8.23,3.55,2.27,2.13,14.04,1.42,2.7,7.8,2.55,7.66,3.26,4.96,6.81,1.42,2.13,DNA
333,2.36,0.0,3.15,8.66,3.94,3.94,4.72,5.51,7.09,9.45,3.94,5.51,3.94,4.72,7.87,10.24,6.3,1.57,1.57,5.51,DNA
334,12.98,0.0,2.29,6.11,1.53,3.05,1.53,6.11,14.5,4.58,1.53,2.29,3.82,3.05,4.58,14.5,8.4,5.34,0.0,3.82,DNA
335,16.36,0.0,6.82,5.0,2.73,4.09,0.91,3.18,3.64,9.09,4.09,3.18,3.18,3.18,9.55,8.64,5.0,8.18,0.91,2.27,DNA
336,4.5,0.75,6.75,11.5,2.0,4.75,1.75,4.0,11.5,8.75,2.5,7.0,3.0,4.5,6.5,5.5,4.75,5.5,0.75,3.75,DNA
337,4.71,3.53,3.29,6.82,3.53,5.65,3.53,4.47,4.47,8.71,2.35,5.88,8.47,4.71,5.18,7.76,5.41,6.35,2.12,3.06,DNA
338,2.77,1.62,4.16,3.7,6.24,5.77,1.39,9.47,10.39,12.47,1.62,8.31,2.77,1.85,3.46,9.47,4.62,6.0,1.15,2.77,DNA
339,10.75,0.81,3.49,5.91,2.96,9.14,1.61,5.91,12.9,9.68,1.34,4.03,4.84,1.88,3.23,8.33,4.57,6.45,0.27,1.88,DNA
340,10.96,1.37,3.2,12.33,2.74,11.42,1.37,3.65,5.48,3.65,3.2,4.11,5.94,7.31,3.2,9.59,2.74,4.11,0.46,3.2,DNA
341,8.89,0.2,6.67,4.44,4.44,3.23,2.63,4.65,10.51,8.89,0.4,5.05,1.82,5.45,4.24,9.29,6.67,7.07,0.61,4.85,DNA
342,4.26,2.95,3.28,4.92,2.62,2.62,1.31,1.64,5.57,6.89,3.93,8.85,7.87,9.84,1.97,13.77,6.89,4.26,3.61,2.95,DNA
343,4.31,1.72,3.88,7.76,4.74,7.33,1.29,9.48,7.76,9.05,3.45,4.74,3.02,2.16,4.74,6.03,6.9,5.17,0.43,6.03,DNA
344,6.05,1.57,5.16,6.73,3.59,5.61,1.35,6.28,6.73,8.74,1.79,7.17,4.71,5.83,4.48,10.76,6.5,4.93,0.67,1.35,DNA
345,9.0,1.5,4.0,5.0,6.0,5.5,1.0,8.5,10.0,8.0,3.0,3.5,5.5,3.5,5.0,6.5,4.0,7.0,0.0,3.5,DNA
346,8.1,0.0,3.64,8.1,4.86,7.29,3.24,4.05,5.67,9.72,0.4,3.64,9.72,4.05,5.26,4.45,4.86,7.29,2.02,3.64,DNA
347,6.15,1.14,6.38,6.38,5.69,6.15,2.05,9.11,9.57,6.61,1.59,4.33,3.64,2.28,3.64,5.01,7.29,7.29,1.37,4.33,DNA
348,10.03,0.69,2.08,4.15,2.08,5.88,4.15,2.08,4.84,5.54,2.08,3.81,10.73,6.23,4.15,15.22,5.19,3.46,1.04,6.57,DNA
349,7.45,0.0,3.19,10.64,3.19,8.51,4.26,5.32,8.51,7.45,3.19,2.13,5.32,3.19,8.51,5.32,6.38,4.26,0.0,3.19,DNA
350,7.28,1.68,4.76,11.2,4.2,4.76,3.92,2.52,6.16,8.4,3.08,4.2,9.8,3.36,4.48,10.36,4.2,2.52,0.56,2.52,DNA
351,5.77,3.85,1.92,5.77,2.88,7.69,6.73,7.69,3.85,6.73,2.88,2.88,3.85,6.73,5.77,9.62,4.81,9.62,0.96,0.0,DNA
352,9.33,0.0,6.67,7.56,3.56,6.67,3.11,6.22,2.67,13.78,1.78,2.22,4.44,4.0,9.78,3.56,4.89,7.11,0.89,1.78,DNA
353,5.86,4.12,6.29,7.81,4.12,5.21,3.69,4.99,8.03,9.33,2.82,2.6,4.56,4.12,5.64,6.07,5.42,5.64,1.3,2.39,DNA
354,8.47,1.37,6.01,10.11,4.37,6.01,1.37,2.19,4.92,9.56,1.64,1.37,6.83,3.55,8.47,3.55,4.1,10.38,2.19,3.55,DNA
355,4.73,2.58,3.66,5.38,4.3,4.73,4.52,3.44,5.38,7.74,2.58,5.59,10.32,4.52,3.87,11.18,4.09,6.67,1.72,3.01,DNA
356,12.63,0.0,3.16,10.53,2.11,11.23,2.11,2.11,2.81,16.14,1.4,0.0,8.07,1.4,10.18,2.46,3.86,5.61,1.75,2.46,DNA
357,4.74,1.42,3.79,4.27,2.37,10.43,2.37,4.74,6.16,4.74,0.95,7.11,11.85,3.79,4.27,9.95,9.0,5.69,0.47,1.9,DNA
358,5.88,0.0,9.41,2.94,2.94,5.29,1.18,10.59,10.59,11.76,0.59,4.71,5.29,5.29,5.29,5.29,4.12,2.94,0.0,5.88,DNA
359,5.01,1.46,3.76,6.26,2.51,7.52,2.92,4.18,4.38,6.89,2.3,2.92,10.02,5.43,7.1,10.86,7.52,4.8,0.84,3.34,DNA
360,5.12,0.68,6.14,6.48,3.41,3.41,3.07,7.85,10.58,10.92,1.71,6.83,3.41,3.07,4.44,5.46,7.51,5.46,1.37,3.07,DNA
361,15.21,0.41,4.43,4.56,1.8,7.88,8.71,1.66,2.77,7.88,0.97,4.43,7.33,4.29,5.39,11.62,5.12,2.9,0.83,1.8,DNA
362,6.74,4.49,7.87,8.99,6.74,10.11,1.12,1.12,10.11,11.24,2.25,1.12,2.25,3.37,5.62,3.37,3.37,6.74,2.25,1.12,DNA
363,10.11,0.98,3.1,4.57,2.61,7.5,4.4,3.92,1.96,4.89,2.77,4.89,9.14,4.73,5.38,14.19,5.71,5.06,0.65,3.43,DNA
364,11.48,1.31,5.9,4.92,2.95,8.2,1.31,7.21,4.59,9.51,1.31,1.31,7.21,3.28,7.54,4.92,4.26,8.52,1.31,2.95,DNA
365,7.41,2.22,5.93,7.41,3.7,5.19,0.0,5.93,10.37,13.33,1.48,4.44,2.22,4.44,5.19,4.44,7.41,2.96,0.74,5.19,DNA
366,7.14,1.43,4.29,6.43,1.43,5.71,3.57,6.43,7.14,11.43,3.57,2.86,4.29,6.43,4.29,3.57,3.57,8.57,2.14,5.71,DNA
367,7.61,0.62,3.7,9.05,1.23,8.44,2.26,2.06,13.37,4.73,1.44,0.62,11.52,2.88,7.0,10.7,5.14,6.38,0.21,1.03,DNA
368,5.75,2.3,6.61,10.63,3.45,7.18,2.59,3.16,9.2,10.06,3.16,4.02,3.74,3.74,7.76,3.45,2.87,6.61,0.86,2.87,DNA
369,5.5,0.32,6.15,7.12,3.88,3.24,1.29,11.33,11.97,10.36,0.65,5.83,2.59,3.56,5.83,8.74,5.18,3.56,0.0,2.91,DNA
370,7.75,0.46,5.93,10.94,3.34,5.62,2.13,8.05,4.86,9.57,1.98,2.58,3.95,3.95,9.12,3.5,5.62,6.69,0.0,3.95,DNA
371,8.24,1.08,3.94,8.24,5.02,5.02,2.15,8.24,5.38,9.68,3.23,4.66,3.94,5.02,5.73,6.45,4.66,3.94,1.43,3.94,DNA
372,9.21,0.42,3.77,7.53,4.18,7.53,3.77,7.53,2.93,10.88,1.26,5.44,4.18,3.77,7.53,5.02,5.86,4.18,1.67,3.35,DNA
